26,242
26,237
26,243
26,243
26,241
26,49
26,13
26,33
26,11
26,11
26,241
26,240
26,145
26,155
26,125
26,64
26,66
26,54
26,34
26,17
26,23
26,10
26,16
26,14
26,53
26,63
26,109
26,25
26,27
26,28
26,20
26,18
26,15
26,8
26,8
26,8
26,8
26,213
26,242
26,244
26,243
26,243
26,243
26,242
26,244
26,244
26,244
26,244
26,245
26,245
26,245
26,244
26,245
26,244
26,243
26,243
26,243
26,243
26,243
26,243
26,237
26,238
26,239
26,239
26,238
26,238
26,234
26,231
26,238
26,238
26,238
26,238
26,240
26,238
26,240
26,236
26,241
26,244
26,244
26,245
26,245
26,245
26,245
26,245
26,245
26,244
26,244
26,244
26,244
26,244
26,244
26,244
26,243
26,244
26,244
26,244
26,244
26,244
26,244
